Index Parent Index State
0 0 2 6 7 5 1 8 4 3 0
1 0 2 6 7 5 1 8 4 0 3
5 1 2 6 7 5 0 8 4 1 3
15 5 2 6 7 0 5 8 4 1 3
30 15 2 6 7 4 5 8 0 1 3
57 30 2 6 7 4 5 8 1 0 3
101 57 2 6 7 4 5 8 1 3 0
174 101 2 6 7 4 5 0 1 3 8
299 174 2 6 7 4 0 5 1 3 8
518 299 2 0 7 4 6 5 1 3 8
859 518 0 2 7 4 6 5 1 3 8
1398 859 4 2 7 0 6 5 1 3 8
2255 1398 4 2 7 1 6 5 0 3 8
3655 2255 4 2 7 1 6 5 3 0 8
5912 3655 4 2 7 1 0 5 3 6 8
9488 5912 4 0 7 1 2 5 3 6 8
15116 9488 0 4 7 1 2 5 3 6 8
23858 15116 1 4 7 0 2 5 3 6 8
36974 23858 1 4 7 2 0 5 3 6 8
56343 36974 1 4 7 2 5 0 3 6 8
